533,116 -> 537,116
542,107 -> 542,104 -> 542,107 -> 544,107 -> 544,101 -> 544,107 -> 546,107 -> 546,100 -> 546,107
540,126 -> 540,127 -> 543,127 -> 543,126
560,161 -> 565,161
542,107 -> 542,104 -> 542,107 -> 544,107 -> 544,101 -> 544,107 -> 546,107 -> 546,100 -> 546,107
554,167 -> 559,167
544,170 -> 544,174 -> 536,174 -> 554,174 -> 549,174 -> 549,170
542,107 -> 542,104 -> 542,107 -> 544,107 -> 544,101 -> 544,107 -> 546,107 -> 546,100 -> 546,107
542,107 -> 542,104 -> 542,107 -> 544,107 -> 544,101 -> 544,107 -> 546,107 -> 546,100 -> 546,107
533,122 -> 533,123 -> 541,123
543,164 -> 548,164
525,119 -> 537,119 -> 537,118
544,170 -> 544,174 -> 536,174 -> 554,174 -> 549,174 -> 549,170
525,119 -> 537,119 -> 537,118
544,170 -> 544,174 -> 536,174 -> 554,174 -> 549,174 -> 549,170
546,161 -> 551,161
542,107 -> 542,104 -> 542,107 -> 544,107 -> 544,101 -> 544,107 -> 546,107 -> 546,100 -> 546,107
556,158 -> 561,158
541,130 -> 541,133 -> 537,133 -> 537,138 -> 548,138 -> 548,133 -> 545,133 -> 545,130
546,141 -> 546,144 -> 541,144 -> 541,152 -> 554,152 -> 554,144 -> 550,144 -> 550,141
533,122 -> 533,123 -> 541,123
546,141 -> 546,144 -> 541,144 -> 541,152 -> 554,152 -> 554,144 -> 550,144 -> 550,141
557,164 -> 562,164
552,155 -> 557,155
544,170 -> 544,174 -> 536,174 -> 554,174 -> 549,174 -> 549,170
547,167 -> 552,167
542,107 -> 542,104 -> 542,107 -> 544,107 -> 544,101 -> 544,107 -> 546,107 -> 546,100 -> 546,107
561,167 -> 566,167
550,164 -> 555,164
539,110 -> 543,110
540,126 -> 540,127 -> 543,127 -> 543,126
545,116 -> 549,116
546,141 -> 546,144 -> 541,144 -> 541,152 -> 554,152 -> 554,144 -> 550,144 -> 550,141
544,170 -> 544,174 -> 536,174 -> 554,174 -> 549,174 -> 549,170
541,130 -> 541,133 -> 537,133 -> 537,138 -> 548,138 -> 548,133 -> 545,133 -> 545,130
568,167 -> 573,167
546,141 -> 546,144 -> 541,144 -> 541,152 -> 554,152 -> 554,144 -> 550,144 -> 550,141
546,141 -> 546,144 -> 541,144 -> 541,152 -> 554,152 -> 554,144 -> 550,144 -> 550,141
553,161 -> 558,161
541,130 -> 541,133 -> 537,133 -> 537,138 -> 548,138 -> 548,133 -> 545,133 -> 545,130
546,141 -> 546,144 -> 541,144 -> 541,152 -> 554,152 -> 554,144 -> 550,144 -> 550,141
541,130 -> 541,133 -> 537,133 -> 537,138 -> 548,138 -> 548,133 -> 545,133 -> 545,130
546,141 -> 546,144 -> 541,144 -> 541,152 -> 554,152 -> 554,144 -> 550,144 -> 550,141
549,158 -> 554,158
542,107 -> 542,104 -> 542,107 -> 544,107 -> 544,101 -> 544,107 -> 546,107 -> 546,100 -> 546,107
541,130 -> 541,133 -> 537,133 -> 537,138 -> 548,138 -> 548,133 -> 545,133 -> 545,130
540,167 -> 545,167
544,170 -> 544,174 -> 536,174 -> 554,174 -> 549,174 -> 549,170
544,170 -> 544,174 -> 536,174 -> 554,174 -> 549,174 -> 549,170
541,130 -> 541,133 -> 537,133 -> 537,138 -> 548,138 -> 548,133 -> 545,133 -> 545,130
541,130 -> 541,133 -> 537,133 -> 537,138 -> 548,138 -> 548,133 -> 545,133 -> 545,130
540,126 -> 540,127 -> 543,127 -> 543,126
542,113 -> 546,113
539,116 -> 543,116
542,107 -> 542,104 -> 542,107 -> 544,107 -> 544,101 -> 544,107 -> 546,107 -> 546,100 -> 546,107
536,113 -> 540,113
564,164 -> 569,164
